*** GearHead Location Record ***
50
50
468
23
3
28
47
23
3
28
47
23
3
28
48
23
1
28
49
23
1
28
49
23
1
28
23
23
3
28
13
23
26
28
4
23
7
28
13
23
1
28
4
23
1
28
9
23
1
28
4
23
1
28
4
23
1
28
4
23
1
28
3
23
3
28
13
23
1
28
4
23
1
28
9
23
1
28
4
23
1
28
4
23
1
28
4
23
1
28
4
23
1
28
14
23
1
28
4
23
1
28
9
23
1
28
4
23
1
28
4
23
1
28
4
23
1
28
4
23
1
28
14
23
1
28
3
23
8
28
3
23
1
28
4
23
1
28
4
23
1
28
3
23
8
28
8
23
21
28
4
23
17
28
8
23
1
28
4
23
1
28
3
23
8
28
8
23
1
28
4
23
1
28
3
23
8
28
8
23
1
28
4
23
1
28
9
23
1
28
9
23
1
28
4
23
1
28
3
23
8
28
8
23
1
28
4
23
1
28
9
23
1
28
9
23
1
28
4
23
1
28
3
23
8
28
7
23
3
28
3
23
1
28
9
23
1
28
9
23
1
28
4
23
1
28
3
23
8
28
7
23
7
28
4
23
32
28
7
23
3
28
3
23
1
28
4
23
1
28
4
23
1
28
9
23
1
28
8
23
8
28
13
23
1
28
4
23
1
28
4
23
1
28
9
23
1
28
9
23
1
28
4
23
1
28
14
23
1
28
4
23
1
28
4
23
1
28
9
23
1
28
9
23
1
28
4
23
1
28
14
23
1
28
4
23
1
28
4
23
1
28
9
23
1
28
9
23
1
28
3
23
3
28
13
23
21
28
4
23
1
13
4
23
7
28
28
23
1
28
18
23
3
28
28
23
1
28
49
23
1
28
48
23
3
28
33
23
1
13
4
23
1
13
4
23
1
13
3
23
3
28
3
23
1
13
4
23
1
13
4
23
1
13
4
23
1
13
28
23
3
28
183
23
1
13
4
23
1
13
4
23
1
13
4
23
1
13
4
23
1
13
4
23
1
13
4
23
1
13
4
23
1
13
455
23
***
2500
