*** GearHead Location Record ***
50
50
74
42
3
41
46
42
5
41
45
42
5
41
45
42
5
41
46
42
3
41
48
42
1
41
49
42
1
41
8
42
10
41
15
42
8
41
8
42
1
41
8
42
1
41
2
42
1
41
5
42
3
41
9
42
5
41
6
42
3
41
6
42
1
41
6
42
3
41
2
42
1
41
2
42
4
41
1
42
1
41
6
42
4
41
2
42
1
41
4
42
4
41
1
42
3
41
3
42
3
41
3
42
3
41
3
42
5
41
4
42
1
41
5
42
2
41
4
42
7
41
6
42
1
41
2
42
5
41
2
42
1
41
1
42
5
41
5
42
6
41
3
42
1
41
3
42
3
41
12
42
1
41
1
42
7
41
1
42
1
41
8
42
4
41
4
42
1
41
3
42
1
41
2
42
2
41
10
42
5
41
1
42
7
41
1
42
4
41
4
42
2
41
2
42
1
41
4
42
2
41
2
42
1
41
2
42
1
41
2
42
3
41
1
42
3
41
2
42
1
41
3
42
3
41
1
42
3
41
1
42
3
41
2
42
2
41
3
42
1
41
3
42
2
41
4
42
1
41
2
42
1
41
2
42
1
41
2
42
1
41
1
42
5
41
2
42
2
41
7
42
1
41
8
42
1
41
3
42
1
41
4
42
3
41
2
42
1
41
2
42
2
41
1
42
1
41
2
42
1
41
3
42
3
41
3
42
2
41
6
42
1
41
8
42
2
41
2
42
4
41
3
42
4
41
3
42
3
41
2
42
2
41
9
42
1
41
3
42
7
41
6
42
1
41
3
42
3
41
3
42
1
41
2
42
1
41
3
42
1
41
5
42
1
41
5
42
5
41
1
42
3
41
1
42
1
41
1
42
1
41
1
42
4
41
3
42
1
41
3
42
3
41
2
42
2
41
2
42
1
41
3
42
7
41
2
42
4
41
5
42
1
41
3
42
1
41
1
42
1
41
4
42
3
41
1
42
3
41
6
42
1
41
3
42
1
41
5
42
1
41
5
42
2
41
1
42
1
41
4
42
3
41
2
42
2
41
1
42
2
41
5
42
3
41
1
42
4
41
3
42
1
41
3
42
1
41
5
42
7
41
2
42
2
41
1
42
3
41
4
42
1
41
3
42
1
41
7
42
1
41
2
42
1
41
1
42
2
41
2
42
5
41
3
42
3
41
9
42
1
41
1
42
1
41
3
42
4
41
3
42
5
41
3
42
1
41
1
42
2
41
2
42
2
41
3
42
1
41
4
42
2
41
1
42
4
41
3
42
6
41
2
42
2
41
1
42
1
41
5
42
1
41
2
42
2
41
2
42
1
41
1
42
1
41
4
42
5
41
4
42
1
41
2
42
1
41
2
42
1
41
3
42
1
41
7
42
1
41
2
42
2
41
3
42
2
41
3
42
1
41
2
42
4
41
7
42
2
41
3
42
1
41
1
42
2
41
2
42
1
41
3
42
1
41
4
42
4
41
3
42
5
41
4
42
1
41
5
42
5
41
4
42
1
41
3
42
3
41
3
42
5
41
4
42
1
41
2
42
2
41
9
42
3
41
9
42
6
41
5
42
1
41
5
42
1
41
6
42
1
41
3
42
3
41
7
42
1
41
11
42
1
41
3
42
1
41
6
42
2
41
4
42
1
41
6
42
1
41
5
42
11
41
2
42
8
41
3
42
2
41
6
42
3
41
1
42
3
41
5
42
1
41
8
42
1
41
6
42
4
41
4
42
1
41
6
42
2
41
7
42
3
41
1
42
3
41
2
42
2
41
8
42
1
41
14
42
2
41
6
42
1
41
13
42
4
41
8
42
9
41
8
42
5
41
2
42
1
41
22
42
4
41
7
42
2
41
1
42
4
41
6
42
4
41
16
42
7
41
2
42
1
41
8
42
3
41
2
42
3
41
19
42
6
41
8
42
5
41
11
42
2
41
17
42
2
41
14
42
1
41
2
42
4
41
7
42
3
41
17
42
3
41
4
42
11
41
4
42
5
41
4
42
2
41
17
42
2
41
2
42
4
41
9
42
1
41
8
42
6
41
19
42
4
41
11
42
3
41
47
42
3
41
46
42
5
41
45
42
5
41
42
42
2
41
1
42
5
41
1
42
2
41
26
42
1
41
9
42
4
41
3
42
3
41
2
42
5
41
8
42
1
41
14
42
1
41
6
42
6
41
10
42
7
41
5
42
1
41
14
42
2
41
3
42
7
41
12
42
7
41
3
42
2
41
15
42
10
41
14
42
6
41
1
42
3
41
20
42
5
41
16
42
5
41
111
42
***
2500
