*** GearHead Location Record ***
50
50
8
1
3
8
3
1
1
2
1
1
1
2
7
1
2
6
13
1
2
8
1
1
1
8
6
1
1
2
5
1
3
8
2
9
2
8
2
1
2
2
6
1
2
12
2
6
2
12
5
1
2
2
3
1
1
8
2
9
3
8
2
1
2
8
1
1
1
2
1
1
1
2
3
1
2
8
1
9
2
10
1
9
3
8
3
1
7
12
2
6
7
12
3
1
1
2
1
1
3
8
1
1
2
8
1
9
1
10
1
9
1
8
3
1
2
2
4
1
2
8
1
9
2
8
5
1
1
12
14
6
1
12
11
1
1
8
1
9
1
8
1
1
1
2
1
1
2
2
1
1
1
2
5
1
2
2
1
1
1
2
3
1
2
12
14
6
2
12
3
1
1
2
2
1
1
2
4
1
1
2
1
1
3
2
10
1
2
2
4
1
2
12
14
6
2
12
4
1
2
2
6
1
1
2
3
1
100
6
16
1
2
12
14
6
2
12
32
1
2
12
14
6
2
12
12
1
4
8
9
1
3
8
4
1
1
40
1
12
14
6
1
12
10
1
3
8
2
9
2
8
4
1
3
8
1
1
1
8
3
9
1
8
4
1
7
12
2
6
7
12
13
1
2
8
7
1
3
8
1
9
2
10
1
9
2
8
8
1
2
12
2
6
2
12
1
1
1
5
16
1
1
8
6
1
1
8
1
9
1
10
1
8
1
1
1
8
1
9
2
8
7
1
2
2
3
1
2
6
9
1
1
9
1
8
17
1
1
8
1
9
1
8
9
1
2
7
2
1
2
2
2
1
2
6
3
1
1
40
2
1
2
8
1
9
1
10
1
9
2
8
4
1
3
8
18
1
3
7
1
4
1
7
5
1
2
6
8
1
1
8
1
9
2
8
3
1
1
2
2
8
1
9
1
10
1
9
3
8
14
1
1
7
3
4
2
7
4
1
3
6
3
1
2
2
7
1
3
2
2
1
1
8
1
9
1
10
1
9
2
8
10
1
2
2
2
1
4
7
1
1
1
7
5
1
3
6
1
1
3
2
7
1
2
2
5
1
1
8
11
1
1
2
1
1
3
2
3
1
2
7
1
1
3
8
2
1
1
5
1
1
2
6
2
1
3
2
1
7
4
1
5
7
14
1
3
2
7
1
1
8
3
9
1
8
4
1
2
6
4
1
3
7
1
1
7
7
22
1
1
8
1
9
1
10
1
9
2
8
1
7
4
1
3
6
4
1
5
7
1
4
1
7
1
4
4
7
6
1
1
2
14
1
1
8
1
9
2
8
2
7
5
1
2
6
5
1
5
7
3
4
3
7
6
1
2
2
13
1
1
7
1
1
1
7
2
1
3
7
3
1
2
6
5
1
2
7
1
1
2
7
1
1
3
7
7
1
1
2
1
1
1
2
8
1
2
2
2
1
5
7
3
1
3
7
1
1
2
6
6
1
1
7
3
1
2
7
3
1
1
2
9
1
2
2
2
1
2
2
1
1
3
2
5
1
6
7
2
1
3
6
4
1
2
7
7
1
3
2
7
1
4
2
16
1
1
7
4
1
2
6
3
1
1
2
6
1
1
2
2
1
2
2
9
1
2
2
22
1
2
6
2
1
3
2
4
1
1
2
35
1
1
2
2
1
2
6
2
1
2
2
29
1
3
2
5
1
3
7
4
1
2
6
3
1
1
2
5
1
1
2
13
1
3
4
5
1
3
2
3
1
1
8
1
9
2
1
1
8
1
1
1
7
1
1
1
2
2
1
2
6
22
1
1
4
3
21
1
4
5
1
2
2
2
1
1
8
1
1
1
9
1
8
2
1
2
7
3
1
3
6
10
1
5
2
1
1
2
2
3
1
1
4
2
21
1
22
2
21
1
4
5
1
2
2
4
1
2
8
1
1
1
7
3
1
1
2
2
6
7
1
10
2
1
3
3
2
1
1
1
4
1
21
3
22
1
21
1
4
8
1
2
7
3
1
1
7
5
1
2
6
2
1
7
2
1
3
1
2
1
3
1
1
3
2
1
3
2
2
2
3
1
1
1
4
2
21
1
22
2
21
1
4
6
1
8
7
4
1
1
2
2
6
3
2
3
1
2
2
1
3
1
2
1
3
1
2
2
3
1
1
2
2
1
3
2
2
1
3
2
1
1
4
3
21
1
4
4
1
1
7
1
1
2
7
1
1
3
7
1
1
2
7
3
1
2
2
2
6
1
1
1
2
1
3
3
2
2
1
3
2
1
3
2
2
1
3
4
2
1
1
1
2
3
1
3
4
6
1
1
7
3
1
2
7
6
1
1
2
1
3
1
2
2
6
3
1
2
2
8
1
4
2
2
1
2
2
4
1
1
7
16
1
2
2
1
3
2
2
2
6
5
1
1
2
14
1
2
2
2
1
6
2
1
3
5
2
1
1
4
2
2
1
2
2
2
3
1
2
2
6
4
1
3
2
12
1
8
2
2
3
2
2
3
3
1
2
1
3
2
2
2
3
8
2
2
6
3
1
1
2
2
3
1
2
11
1
2
2
2
3
2
2
1
1
5
2
2
3
7
2
1
3
1
2
1
3
1
2
1
3
1
2
3
1
2
6
1
1
4
2
2
3
1
2
10
1
1
2
1
3
2
2
5
1
4
2
1
1
2
2
1
3
3
2
1
1
2
2
2
3
3
2
1
1
3
6
1
1
2
2
1
3
1
2
2
3
2
2
10
1
3
2
11
1
3
2
5
1
2
2
1
3
3
2
2
6
1
1
2
2
2
3
1
2
1
3
2
2
12
1
1
2
1
3
22
1
2
2
1
1
2
6
7
2
5
1
1
9
1
8
6
1
1
2
2
3
24
1
3
6
2
2
1
3
3
2
5
1
2
8
6
1
2
2
2
3
2
1
1
8
9
1
1
8
2
9
1
8
8
1
2
6
3
1
3
2
8
1
1
8
4
1
2
2
1
3
2
2
2
8
7
1
2
8
1
9
1
1
1
8
1
9
1
1
1
8
1
1
1
8
1
9
2
8
2
1
2
6
8
1
3
8
7
1
2
2
2
3
2
2
5
8
5
1
1
9
2
8
3
1
2
8
1
9
1
8
4
1
2
6
6
1
2
8
2
9
7
1
2
2
1
3
1
2
2
3
1
2
1
1
2
8
6
1
1
8
14
1
2
6
8
1
1
8
1
9
1
8
3
1
1
8
2
1
3
2
1
3
1
2
2
3
6
1
2
8
16
1
2
6
3
1
1
8
9
1
1
8
2
1
6
2
1
3
1
2
5
1
5
8
14
1
2
6
2
1
1
8
2
9
10
1
3
2
1
3
1
2
1
3
3
2
***
2500
