*** GearHead Location Record ***
50
50
541
24
3
16
47
24
3
16
47
24
3
16
48
24
1
16
65
24
9
16
3
24
8
16
13
24
3
16
11
24
4
16
7
24
12
16
13
24
3
16
11
24
1
16
14
24
8
16
13
24
3
16
11
24
1
16
14
24
8
16
14
24
1
16
12
24
1
19
14
24
8
16
27
24
1
16
19
24
1
19
15
24
3
16
11
24
2
16
16
24
5
16
13
24
3
16
10
24
4
16
15
24
5
16
13
24
3
16
11
24
2
16
8
24
7
16
1
19
5
16
1
24
2
16
11
24
1
16
11
24
4
16
7
24
3
16
5
24
5
16
2
24
5
16
7
24
1
19
12
24
2
16
8
24
3
16
1
24
3
16
1
24
5
16
6
24
1
16
3
24
8
16
8
24
4
16
1
24
1
16
3
4
1
16
1
24
3
16
3
24
1
16
12
24
1
16
3
24
8
16
9
24
2
16
8
24
3
16
3
24
3
16
3
24
3
16
4
24
1
16
3
24
8
16
8
24
4
16
7
24
3
16
5
24
2
16
2
24
1
16
1
24
1
16
4
24
3
16
1
19
8
16
9
24
2
16
8
24
3
16
1
24
3
16
2
24
4
16
1
24
3
16
2
24
1
16
3
24
8
16
8
24
4
16
7
24
3
16
1
24
1
16
4
24
1
16
2
24
1
16
3
24
1
16
2
24
2
16
2
24
8
16
9
24
2
16
9
24
1
19
2
24
6
16
2
24
1
16
3
24
1
16
3
24
1
16
2
24
8
16
8
24
4
16
8
24
1
16
9
24
3
16
2
24
1
16
3
24
1
16
2
24
8
16
9
24
1
16
8
24
11
16
1
24
3
16
2
24
5
16
6
24
1
19
10
24
6
16
5
24
1
16
11
24
3
16
13
24
1
16
10
24
6
16
8
24
1
3
1
2
1
16
1
2
1
3
5
24
1
16
13
24
3
16
9
24
6
16
4
24
1
3
2
2
1
24
1
2
3
16
1
2
5
24
1
16
3
24
1
16
6
2
8
16
7
24
6
16
4
24
1
2
2
16
1
19
5
16
1
24
1
19
4
16
3
24
2
16
4
2
9
16
7
24
6
16
4
24
1
3
2
2
1
24
1
2
3
16
1
2
9
24
3
16
3
2
9
16
9
24
1
16
11
24
1
3
1
2
1
16
1
2
1
3
9
24
4
16
3
2
8
16
9
24
1
16
25
24
1
16
1
2
3
16
3
2
7
16
9
24
1
16
3
24
5
16
17
24
3
2
2
16
19
24
1
16
3
24
5
16
2
24
1
16
1
24
1
16
1
24
1
16
1
24
1
16
1
24
1
16
1
24
1
16
4
24
1
16
4
2
19
24
1
16
3
24
19
16
1
19
5
16
2
2
3
24
3
16
13
24
3
16
1
24
5
16
1
24
13
16
3
24
4
16
1
2
3
24
3
16
17
24
5
16
2
24
1
16
1
24
1
16
1
24
1
16
1
24
1
16
1
24
1
16
1
24
1
16
12
24
3
16
48
24
1
16
31
24
1
16
17
24
1
16
31
24
19
16
59
24
***
2500
