*** GearHead Location Record ***
50
50
1
10
1
9
4
11
2
9
3
11
1
17
2
9
9
11
4
9
2
10
1
9
1
1
1
9
9
1
9
4
1
9
2
11
5
9
3
11
1
9
1
10
3
9
1
11
2
9
3
17
1
9
3
17
1
9
1
10
2
9
11
1
9
4
2
11
2
9
3
7
2
11
2
10
1
9
3
17
1
9
1
10
1
9
9
17
1
9
1
10
4
1
2
2
2
1
1
9
2
1
10
4
1
11
3
9
3
7
1
11
2
9
17
17
1
10
1
9
2
2
1
1
3
2
1
1
2
9
2
1
10
4
7
11
19
17
2
9
4
2
1
3
1
2
1
1
2
9
3
1
10
4
3
11
3
9
19
17
1
1
1
9
1
1
1
2
3
3
2
2
6
1
10
4
4
9
1
10
1
9
19
17
2
1
2
2
2
3
2
2
2
1
2
9
2
1
7
4
1
9
3
4
1
9
1
10
1
17
1
9
20
17
2
1
1
2
1
3
5
2
3
1
1
9
2
1
5
4
2
1
1
10
1
9
2
4
1
10
23
17
2
9
1
2
1
3
1
2
1
1
1
2
3
1
2
9
2
1
6
4
1
1
1
9
1
10
1
9
2
4
23
17
1
9
2
10
1
9
2
2
5
1
2
9
2
1
5
4
2
1
1
10
1
1
1
2
2
4
23
17
1
1
4
9
5
1
2
9
3
1
5
4
1
1
1
2
1
10
1
9
1
2
2
4
19
17
1
1
3
17
1
2
2
3
1
9
1
10
4
9
5
1
5
4
2
1
1
2
2
10
1
2
2
4
14
17
1
9
2
17
3
1
1
9
1
10
2
9
1
3
1
9
2
10
1
9
2
10
2
9
4
1
3
4
3
1
1
2
3
9
1
1
2
4
13
17
1
10
1
9
2
1
4
9
1
10
1
9
2
2
1
10
1
9
2
2
2
9
6
1
2
4
3
1
4
2
2
1
2
4
3
17
3
9
7
17
1
10
2
1
2
9
1
2
1
10
1
9
1
2
2
9
3
2
2
1
11
6
1
1
3
2
2
9
2
1
2
4
5
17
2
9
5
17
2
9
5
2
2
10
2
1
1
9
1
10
1
9
2
1
1
6
1
1
1
9
1
1
2
9
2
1
3
4
1
1
3
6
1
2
1
10
1
9
1
1
3
4
9
17
2
9
1
1
3
2
1
9
1
4
1
6
2
9
4
1
1
2
2
9
1
1
1
6
1
9
1
10
1
9
3
1
4
4
3
1
2
2
1
9
2
1
3
4
9
17
1
9
1
1
2
2
1
1
3
9
1
6
1
9
2
1
2
2
2
1
4
6
1
1
2
9
1
1
7
4
2
1
3
2
1
1
4
4
9
17
3
2
7
6
1
2
1
1
1
2
4
6
1
2
1
1
2
6
11
4
2
1
1
10
2
1
4
4
4
17
2
9
1
17
1
39
5
6
1
2
4
1
5
6
1
2
2
1
2
2
1
1
2
6
9
4
3
1
1
10
6
4
1
9
1
17
3
9
2
39
1
6
2
1
1
2
2
7
2
2
2
9
2
6
1
1
4
10
2
2
1
3
2
2
1
10
1
6
9
4
2
1
8
4
3
9
1
17
1
39
1
17
1
39
1
6
3
2
1
7
1
4
2
7
1
9
2
6
1
1
1
9
5
10
3
3
1
2
2
6
12
4
1
1
6
4
2
9
2
17
2
39
1
17
1
6
1
1
3
2
1
4
1
7
1
2
1
1
1
6
1
1
2
9
2
10
1
1
1
2
1
10
1
8
2
3
1
2
1
6
12
4
2
1
6
4
1
9
1
17
4
39
1
9
2
6
2
1
1
2
1
9
2
2
2
6
1
1
2
9
2
10
2
2
2
8
1
2
1
3
1
2
1
6
11
4
2
1
1
10
6
4
6
39
2
9
1
6
1
9
1
1
2
9
2
2
1
6
2
7
1
1
1
9
1
1
2
10
1
8
1
1
1
2
1
3
1
2
2
6
1
1
8
4
1
2
1
1
2
2
1
10
6
4
7
39
1
2
1
6
1
10
1
1
2
2
3
6
1
1
1
7
1
1
3
9
2
2
1
6
1
2
1
3
1
2
1
6
2
1
6
4
1
1
2
2
1
1
1
2
1
10
2
4
2
1
3
4
1
9
4
39
4
6
1
9
4
6
1
2
3
6
2
1
1
9
1
10
1
2
1
9
2
6
1
2
2
6
1
2
1
1
6
4
1
1
1
2
1
3
1
2
1
1
2
4
1
1
1
2
4
4
1
9
7
39
3
6
5
2
1
1
1
6
2
1
1
9
1
10
3
2
3
6
2
2
1
1
7
4
1
1
1
10
1
1
2
4
1
1
1
2
1
3
4
4
1
10
6
39
1
2
2
39
2
2
3
3
2
2
2
6
1
1
2
9
1
3
1
2
2
6
2
4
1
2
1
1
1
2
8
4
1
2
1
1
2
4
2
1
5
4
1
9
9
39
1
2
2
3
1
10
4
9
1
6
3
7
2
2
1
6
4
4
1
1
1
2
7
4
1
10
2
2
9
4
1
10
1
9
4
39
1
2
1
39
3
2
3
10
3
9
1
2
2
6
1
7
2
2
2
6
2
2
1
4
3
2
7
4
2
10
1
1
9
4
2
9
6
39
1
3
1
2
1
10
4
9
1
7
1
2
1
7
1
3
2
6
1
1
2
6
2
2
2
1
2
2
1
1
19
4
1
9
6
39
1
2
1
9
2
10
1
9
1
7
4
2
1
7
1
2
2
3
1
2
7
1
21
4
1
10
1
9
6
39
1
2
2
9
1
11
5
7
3
4
1
2
7
1
16
4
2
1
1
9
3
4
1
10
1
9
6
39
2
10
1
1
2
11
4
7
27
4
1
1
1
9
1
10
1
9
2
4
1
9
8
39
1
8
3
1
3
7
30
4
1
9
3
4
1
9
3
39
2
1
3
39
2
10
2
1
1
11
2
7
34
4
1
9
2
39
3
1
4
39
1
10
1
9
1
1
1
7
36
4
3
39
2
1
5
39
1
9
1
10
2
1
4
4
1
9
31
4
10
39
1
9
1
10
4
1
1
4
2
9
31
4
11
39
2
9
2
1
27
4
3
39
5
4
12
39
1
10
2
1
22
4
9
39
4
4
1
9
11
39
1
10
1
8
2
10
20
4
13
39
1
4
1
9
13
39
1
10
1
9
18
4
1
1
15
39
1
9
15
39
9
4
1
1
3
39
1
1
3
4
1
1
16
39
1
9
16
39
5
4
9
39
3
1
15
39
1
9
49
39
2
9
45
39
1
9
1
39
1
9
2
10
1
9
1
39
2
9
39
39
3
9
4
10
2
9
1
10
2
9
3
39
3
9
2
39
1
9
8
39
2
9
8
39
1
9
8
39
3
9
5
10
***
2500
